1.200000000000000000e+01
1.200000000000000000e+01
1.200000000000000000e+01
1.200000000000000000e+01
1.200000000000000000e+01
1.200000000000000000e+01
1.200000000000000000e+01
1.200000000000000000e+01
1.200000000000000000e+01
1.200000000000000000e+01
1.200000000000000000e+01
1.200000000000000000e+01
1.200000000000000000e+01
1.200000000000000000e+01
1.200000000000000000e+01
1.200000000000000000e+01
1.200000000000000000e+01
1.200000000000000000e+01
1.200000000000000000e+01
1.200000000000000000e+01
1.200000000000000000e+01
1.200000000000000000e+01
1.200000000000000000e+01
1.200000000000000000e+01
1.200000000000000000e+01
1.200000000000000000e+01
1.200000000000000000e+01
1.200000000000000000e+01
1.200000000000000000e+01
1.200000000000000000e+01
1.200000000000000000e+01
1.200000000000000000e+01
1.200000000000000000e+01
1.200000000000000000e+01
1.200000000000000000e+01
1.200000000000000000e+01
1.200000000000000000e+01
1.200000000000000000e+01
1.200000000000000000e+01
1.200000000000000000e+01
1.200000000000000000e+01
1.200000000000000000e+01
1.200000000000000000e+01
1.200000000000000000e+01
1.200000000000000000e+01
1.200000000000000000e+01
1.200000000000000000e+01
1.200000000000000000e+01
1.200000000000000000e+01
1.200000000000000000e+01
1.200000000000000000e+01
1.200000000000000000e+01
1.200000000000000000e+01
1.200000000000000000e+01
1.200000000000000000e+01
1.200000000000000000e+01
1.200000000000000000e+01
1.200000000000000000e+01
1.200000000000000000e+01
1.200000000000000000e+01
1.200000000000000000e+01
1.200000000000000000e+01
1.200000000000000000e+01
1.200000000000000000e+01
1.200000000000000000e+01
1.200000000000000000e+01
1.200000000000000000e+01
1.200000000000000000e+01
1.200000000000000000e+01
1.200000000000000000e+01
1.200000000000000000e+01
1.200000000000000000e+01
1.200000000000000000e+01
1.200000000000000000e+01
1.200000000000000000e+01
1.200000000000000000e+01
1.200000000000000000e+01
1.200000000000000000e+01
1.200000000000000000e+01
1.200000000000000000e+01
1.200000000000000000e+01
1.200000000000000000e+01
1.200000000000000000e+01
1.200000000000000000e+01
1.200000000000000000e+01
1.200000000000000000e+01
1.200000000000000000e+01
1.200000000000000000e+01
1.200000000000000000e+01
1.200000000000000000e+01
1.200000000000000000e+01
1.200000000000000000e+01
1.200000000000000000e+01
1.200000000000000000e+01
1.200000000000000000e+01
1.200000000000000000e+01
1.200000000000000000e+01
1.200000000000000000e+01
1.200000000000000000e+01
1.200000000000000000e+01
1.200000000000000000e+01
1.200000000000000000e+01
1.200000000000000000e+01
1.200000000000000000e+01
1.200000000000000000e+01
1.200000000000000000e+01
1.200000000000000000e+01
1.200000000000000000e+01
1.200000000000000000e+01
1.200000000000000000e+01
1.200000000000000000e+01
1.200000000000000000e+01
1.200000000000000000e+01
1.200000000000000000e+01
1.200000000000000000e+01
1.200000000000000000e+01
1.200000000000000000e+01
1.200000000000000000e+01
1.200000000000000000e+01
1.200000000000000000e+01
1.200000000000000000e+01
1.200000000000000000e+01
1.200000000000000000e+01
1.200000000000000000e+01
1.200000000000000000e+01
1.200000000000000000e+01
1.200000000000000000e+01
1.200000000000000000e+01
1.200000000000000000e+01
1.200000000000000000e+01
1.200000000000000000e+01
1.200000000000000000e+01
1.200000000000000000e+01
1.200000000000000000e+01
1.200000000000000000e+01
1.200000000000000000e+01
1.200000000000000000e+01
1.200000000000000000e+01
1.200000000000000000e+01
1.200000000000000000e+01
1.200000000000000000e+01
1.200000000000000000e+01
1.200000000000000000e+01
1.200000000000000000e+01
1.200000000000000000e+01
1.200000000000000000e+01
1.200000000000000000e+01
1.200000000000000000e+01
1.200000000000000000e+01
1.200000000000000000e+01
1.200000000000000000e+01
1.200000000000000000e+01
1.200000000000000000e+01
1.200000000000000000e+01
1.200000000000000000e+01
1.200000000000000000e+01
1.200000000000000000e+01
1.200000000000000000e+01
1.200000000000000000e+01
1.200000000000000000e+01
1.200000000000000000e+01
1.200000000000000000e+01
1.200000000000000000e+01
1.200000000000000000e+01
1.200000000000000000e+01
1.200000000000000000e+01
1.200000000000000000e+01
1.200000000000000000e+01
1.200000000000000000e+01
1.200000000000000000e+01
1.200000000000000000e+01
1.200000000000000000e+01
1.200000000000000000e+01
1.200000000000000000e+01
1.200000000000000000e+01
1.200000000000000000e+01
1.200000000000000000e+01
1.200000000000000000e+01
1.200000000000000000e+01
1.200000000000000000e+01
1.200000000000000000e+01
1.200000000000000000e+01
1.200000000000000000e+01
1.200000000000000000e+01
1.200000000000000000e+01
1.200000000000000000e+01
1.200000000000000000e+01
1.200000000000000000e+01
1.200000000000000000e+01
1.200000000000000000e+01
1.200000000000000000e+01
1.200000000000000000e+01
1.200000000000000000e+01
1.200000000000000000e+01
1.200000000000000000e+01
1.200000000000000000e+01
1.200000000000000000e+01
1.200000000000000000e+01
1.200000000000000000e+01
1.200000000000000000e+01
1.200000000000000000e+01
1.200000000000000000e+01
1.200000000000000000e+01
1.200000000000000000e+01
1.200000000000000000e+01
1.200000000000000000e+01
1.600000000000000000e+01
1.600000000000000000e+01
1.600000000000000000e+01
1.600000000000000000e+01
1.600000000000000000e+01
1.600000000000000000e+01
1.600000000000000000e+01
1.600000000000000000e+01
1.600000000000000000e+01
1.600000000000000000e+01
1.600000000000000000e+01
1.600000000000000000e+01
1.600000000000000000e+01
1.800000000000000000e+01
1.800000000000000000e+01
1.800000000000000000e+01
1.800000000000000000e+01
1.800000000000000000e+01
1.800000000000000000e+01
1.800000000000000000e+01
1.800000000000000000e+01
1.800000000000000000e+01
1.800000000000000000e+01
1.800000000000000000e+01
2.000000000000000000e+01
2.000000000000000000e+01
2.200000000000000000e+01
2.200000000000000000e+01
2.200000000000000000e+01
2.200000000000000000e+01
2.200000000000000000e+01
2.200000000000000000e+01
2.200000000000000000e+01
2.300000000000000000e+01
2.300000000000000000e+01
2.300000000000000000e+01
2.300000000000000000e+01
2.300000000000000000e+01
2.400000000000000000e+01
2.400000000000000000e+01
2.400000000000000000e+01
2.400000000000000000e+01
2.400000000000000000e+01
2.400000000000000000e+01
2.400000000000000000e+01
2.400000000000000000e+01
2.400000000000000000e+01
2.400000000000000000e+01
2.400000000000000000e+01
2.400000000000000000e+01
2.400000000000000000e+01
2.400000000000000000e+01
2.400000000000000000e+01
2.400000000000000000e+01
2.400000000000000000e+01
2.600000000000000000e+01
2.600000000000000000e+01
2.600000000000000000e+01
2.600000000000000000e+01
2.600000000000000000e+01
2.600000000000000000e+01
3.000000000000000000e+01
3.000000000000000000e+01
3.000000000000000000e+01
3.300000000000000000e+01
3.300000000000000000e+01
3.300000000000000000e+01
3.300000000000000000e+01
3.300000000000000000e+01
3.400000000000000000e+01
3.400000000000000000e+01
3.500000000000000000e+01
3.500000000000000000e+01
3.500000000000000000e+01
3.500000000000000000e+01
3.500000000000000000e+01
3.600000000000000000e+01
3.600000000000000000e+01
3.600000000000000000e+01
3.600000000000000000e+01
3.700000000000000000e+01
3.900000000000000000e+01
4.000000000000000000e+01
4.200000000000000000e+01
4.200000000000000000e+01
4.400000000000000000e+01
4.400000000000000000e+01
4.600000000000000000e+01
4.600000000000000000e+01
4.600000000000000000e+01
4.700000000000000000e+01
4.700000000000000000e+01
4.800000000000000000e+01
4.800000000000000000e+01
4.800000000000000000e+01
5.000000000000000000e+01
5.100000000000000000e+01
5.400000000000000000e+01
5.500000000000000000e+01
5.600000000000000000e+01
5.700000000000000000e+01
5.700000000000000000e+01
5.800000000000000000e+01
5.800000000000000000e+01
5.800000000000000000e+01
5.900000000000000000e+01
6.000000000000000000e+01
6.200000000000000000e+01
6.200000000000000000e+01
6.500000000000000000e+01
6.600000000000000000e+01
6.600000000000000000e+01
6.700000000000000000e+01
7.000000000000000000e+01
7.100000000000000000e+01
7.200000000000000000e+01
7.300000000000000000e+01
7.700000000000000000e+01
8.200000000000000000e+01
8.300000000000000000e+01
9.800000000000000000e+01
9.900000000000000000e+01
1.000000000000000000e+02
1.120000000000000000e+02
1.220000000000000000e+02
1.240000000000000000e+02
1.280000000000000000e+02
1.310000000000000000e+02
1.320000000000000000e+02
1.550000000000000000e+02
1.620000000000000000e+02
1.760000000000000000e+02
1.870000000000000000e+02
2.090000000000000000e+02
2.160000000000000000e+02
2.310000000000000000e+02
2.350000000000000000e+02
2.370000000000000000e+02
2.640000000000000000e+02
3.000000000000000000e+02
3.510000000000000000e+02
3.960000000000000000e+02
4.780000000000000000e+02
5.300000000000000000e+02
5.960000000000000000e+02
6.660000000000000000e+02
