1.200000000000000000e+01
1.200000000000000000e+01
1.200000000000000000e+01
1.200000000000000000e+01
1.200000000000000000e+01
1.200000000000000000e+01
1.200000000000000000e+01
1.200000000000000000e+01
1.200000000000000000e+01
1.200000000000000000e+01
1.200000000000000000e+01
1.200000000000000000e+01
1.200000000000000000e+01
1.200000000000000000e+01
1.200000000000000000e+01
1.200000000000000000e+01
1.200000000000000000e+01
1.200000000000000000e+01
1.200000000000000000e+01
1.200000000000000000e+01
1.200000000000000000e+01
1.200000000000000000e+01
1.200000000000000000e+01
1.200000000000000000e+01
1.200000000000000000e+01
1.200000000000000000e+01
1.200000000000000000e+01
1.200000000000000000e+01
1.200000000000000000e+01
1.200000000000000000e+01
1.200000000000000000e+01
1.200000000000000000e+01
1.200000000000000000e+01
1.200000000000000000e+01
1.200000000000000000e+01
1.200000000000000000e+01
1.200000000000000000e+01
1.200000000000000000e+01
1.200000000000000000e+01
1.200000000000000000e+01
1.200000000000000000e+01
1.200000000000000000e+01
1.200000000000000000e+01
1.200000000000000000e+01
1.200000000000000000e+01
1.200000000000000000e+01
1.200000000000000000e+01
1.200000000000000000e+01
1.200000000000000000e+01
1.200000000000000000e+01
1.200000000000000000e+01
1.200000000000000000e+01
1.200000000000000000e+01
1.200000000000000000e+01
1.200000000000000000e+01
1.200000000000000000e+01
1.200000000000000000e+01
1.200000000000000000e+01
1.200000000000000000e+01
1.200000000000000000e+01
1.200000000000000000e+01
1.200000000000000000e+01
1.200000000000000000e+01
1.200000000000000000e+01
1.200000000000000000e+01
1.200000000000000000e+01
1.200000000000000000e+01
1.200000000000000000e+01
1.200000000000000000e+01
1.200000000000000000e+01
1.200000000000000000e+01
1.200000000000000000e+01
1.200000000000000000e+01
1.200000000000000000e+01
1.200000000000000000e+01
1.200000000000000000e+01
1.200000000000000000e+01
1.200000000000000000e+01
1.200000000000000000e+01
1.200000000000000000e+01
1.200000000000000000e+01
1.200000000000000000e+01
1.200000000000000000e+01
1.200000000000000000e+01
1.200000000000000000e+01
1.200000000000000000e+01
1.200000000000000000e+01
1.200000000000000000e+01
1.200000000000000000e+01
1.200000000000000000e+01
1.200000000000000000e+01
1.200000000000000000e+01
1.200000000000000000e+01
1.200000000000000000e+01
1.200000000000000000e+01
1.200000000000000000e+01
1.200000000000000000e+01
1.200000000000000000e+01
1.200000000000000000e+01
1.200000000000000000e+01
1.200000000000000000e+01
1.200000000000000000e+01
1.200000000000000000e+01
1.200000000000000000e+01
1.200000000000000000e+01
1.200000000000000000e+01
1.200000000000000000e+01
1.200000000000000000e+01
1.200000000000000000e+01
1.200000000000000000e+01
1.200000000000000000e+01
1.200000000000000000e+01
1.200000000000000000e+01
1.200000000000000000e+01
1.200000000000000000e+01
1.200000000000000000e+01
1.200000000000000000e+01
1.200000000000000000e+01
1.200000000000000000e+01
1.200000000000000000e+01
1.200000000000000000e+01
1.200000000000000000e+01
1.200000000000000000e+01
1.200000000000000000e+01
1.200000000000000000e+01
1.200000000000000000e+01
1.200000000000000000e+01
1.200000000000000000e+01
1.200000000000000000e+01
1.200000000000000000e+01
1.200000000000000000e+01
1.200000000000000000e+01
1.200000000000000000e+01
1.200000000000000000e+01
1.200000000000000000e+01
1.200000000000000000e+01
1.200000000000000000e+01
1.200000000000000000e+01
1.200000000000000000e+01
1.200000000000000000e+01
1.200000000000000000e+01
1.200000000000000000e+01
1.200000000000000000e+01
1.200000000000000000e+01
1.200000000000000000e+01
1.200000000000000000e+01
1.200000000000000000e+01
1.200000000000000000e+01
1.200000000000000000e+01
1.200000000000000000e+01
1.200000000000000000e+01
1.200000000000000000e+01
1.200000000000000000e+01
1.200000000000000000e+01
1.200000000000000000e+01
1.200000000000000000e+01
1.200000000000000000e+01
1.200000000000000000e+01
1.200000000000000000e+01
1.200000000000000000e+01
1.200000000000000000e+01
1.200000000000000000e+01
1.200000000000000000e+01
1.200000000000000000e+01
1.200000000000000000e+01
1.200000000000000000e+01
1.200000000000000000e+01
1.200000000000000000e+01
1.200000000000000000e+01
1.200000000000000000e+01
1.200000000000000000e+01
1.200000000000000000e+01
1.200000000000000000e+01
1.200000000000000000e+01
1.200000000000000000e+01
1.200000000000000000e+01
1.200000000000000000e+01
1.200000000000000000e+01
1.200000000000000000e+01
1.200000000000000000e+01
1.200000000000000000e+01
1.200000000000000000e+01
1.200000000000000000e+01
1.200000000000000000e+01
1.200000000000000000e+01
1.200000000000000000e+01
1.200000000000000000e+01
1.200000000000000000e+01
1.200000000000000000e+01
1.200000000000000000e+01
1.200000000000000000e+01
1.200000000000000000e+01
1.200000000000000000e+01
1.200000000000000000e+01
1.200000000000000000e+01
1.200000000000000000e+01
1.200000000000000000e+01
1.200000000000000000e+01
1.200000000000000000e+01
1.200000000000000000e+01
1.200000000000000000e+01
1.200000000000000000e+01
1.200000000000000000e+01
1.200000000000000000e+01
1.200000000000000000e+01
1.200000000000000000e+01
1.200000000000000000e+01
1.200000000000000000e+01
1.200000000000000000e+01
1.200000000000000000e+01
1.200000000000000000e+01
1.200000000000000000e+01
1.600000000000000000e+01
1.600000000000000000e+01
1.600000000000000000e+01
1.600000000000000000e+01
1.600000000000000000e+01
1.600000000000000000e+01
1.600000000000000000e+01
1.600000000000000000e+01
1.800000000000000000e+01
1.800000000000000000e+01
1.800000000000000000e+01
1.800000000000000000e+01
1.800000000000000000e+01
1.800000000000000000e+01
1.800000000000000000e+01
1.800000000000000000e+01
1.800000000000000000e+01
1.800000000000000000e+01
1.800000000000000000e+01
2.000000000000000000e+01
2.000000000000000000e+01
2.000000000000000000e+01
2.200000000000000000e+01
2.200000000000000000e+01
2.200000000000000000e+01
2.200000000000000000e+01
2.200000000000000000e+01
2.200000000000000000e+01
2.200000000000000000e+01
2.300000000000000000e+01
2.300000000000000000e+01
2.300000000000000000e+01
2.300000000000000000e+01
2.300000000000000000e+01
2.400000000000000000e+01
2.400000000000000000e+01
2.400000000000000000e+01
2.400000000000000000e+01
2.400000000000000000e+01
2.400000000000000000e+01
2.400000000000000000e+01
2.400000000000000000e+01
2.400000000000000000e+01
2.400000000000000000e+01
2.400000000000000000e+01
2.400000000000000000e+01
2.400000000000000000e+01
2.400000000000000000e+01
2.400000000000000000e+01
2.400000000000000000e+01
2.400000000000000000e+01
2.400000000000000000e+01
2.400000000000000000e+01
2.400000000000000000e+01
2.400000000000000000e+01
2.400000000000000000e+01
2.500000000000000000e+01
2.600000000000000000e+01
2.600000000000000000e+01
2.600000000000000000e+01
2.600000000000000000e+01
2.600000000000000000e+01
2.600000000000000000e+01
2.600000000000000000e+01
2.600000000000000000e+01
2.800000000000000000e+01
2.900000000000000000e+01
3.000000000000000000e+01
3.000000000000000000e+01
3.000000000000000000e+01
3.000000000000000000e+01
3.000000000000000000e+01
3.000000000000000000e+01
3.000000000000000000e+01
3.000000000000000000e+01
3.000000000000000000e+01
3.200000000000000000e+01
3.200000000000000000e+01
3.300000000000000000e+01
3.400000000000000000e+01
3.400000000000000000e+01
3.400000000000000000e+01
3.400000000000000000e+01
3.400000000000000000e+01
3.400000000000000000e+01
3.500000000000000000e+01
3.600000000000000000e+01
3.600000000000000000e+01
3.700000000000000000e+01
3.700000000000000000e+01
3.700000000000000000e+01
3.700000000000000000e+01
3.800000000000000000e+01
3.800000000000000000e+01
4.000000000000000000e+01
4.000000000000000000e+01
4.000000000000000000e+01
4.000000000000000000e+01
4.400000000000000000e+01
4.500000000000000000e+01
4.600000000000000000e+01
4.800000000000000000e+01
4.800000000000000000e+01
4.800000000000000000e+01
5.400000000000000000e+01
5.700000000000000000e+01
5.900000000000000000e+01
5.900000000000000000e+01
5.900000000000000000e+01
5.900000000000000000e+01
6.000000000000000000e+01
6.100000000000000000e+01
6.300000000000000000e+01
6.400000000000000000e+01
6.600000000000000000e+01
6.600000000000000000e+01
6.900000000000000000e+01
7.000000000000000000e+01
7.000000000000000000e+01
7.100000000000000000e+01
7.200000000000000000e+01
7.400000000000000000e+01
7.400000000000000000e+01
7.700000000000000000e+01
7.700000000000000000e+01
8.000000000000000000e+01
8.000000000000000000e+01
8.300000000000000000e+01
8.600000000000000000e+01
9.100000000000000000e+01
9.100000000000000000e+01
9.500000000000000000e+01
9.800000000000000000e+01
9.900000000000000000e+01
1.030000000000000000e+02
1.040000000000000000e+02
1.040000000000000000e+02
1.070000000000000000e+02
1.080000000000000000e+02
1.190000000000000000e+02
1.270000000000000000e+02
1.290000000000000000e+02
1.320000000000000000e+02
1.460000000000000000e+02
1.640000000000000000e+02
1.640000000000000000e+02
1.700000000000000000e+02
2.150000000000000000e+02
2.230000000000000000e+02
2.370000000000000000e+02
2.550000000000000000e+02
2.580000000000000000e+02
3.300000000000000000e+02
3.380000000000000000e+02
3.590000000000000000e+02
5.000000000000000000e+02
5.000000000000000000e+02
5.120000000000000000e+02
