1.200000000000000000e+01
1.200000000000000000e+01
1.200000000000000000e+01
1.200000000000000000e+01
1.200000000000000000e+01
1.200000000000000000e+01
1.200000000000000000e+01
1.200000000000000000e+01
1.200000000000000000e+01
1.200000000000000000e+01
1.200000000000000000e+01
1.200000000000000000e+01
1.200000000000000000e+01
1.200000000000000000e+01
1.200000000000000000e+01
1.200000000000000000e+01
1.200000000000000000e+01
1.200000000000000000e+01
1.200000000000000000e+01
1.200000000000000000e+01
1.200000000000000000e+01
1.200000000000000000e+01
1.200000000000000000e+01
1.200000000000000000e+01
1.200000000000000000e+01
1.200000000000000000e+01
1.200000000000000000e+01
1.200000000000000000e+01
1.200000000000000000e+01
1.200000000000000000e+01
1.200000000000000000e+01
1.200000000000000000e+01
1.200000000000000000e+01
1.200000000000000000e+01
1.200000000000000000e+01
1.200000000000000000e+01
1.200000000000000000e+01
1.200000000000000000e+01
1.200000000000000000e+01
1.200000000000000000e+01
1.200000000000000000e+01
1.200000000000000000e+01
1.200000000000000000e+01
1.200000000000000000e+01
1.200000000000000000e+01
1.200000000000000000e+01
1.200000000000000000e+01
1.200000000000000000e+01
1.200000000000000000e+01
1.200000000000000000e+01
1.200000000000000000e+01
1.200000000000000000e+01
1.200000000000000000e+01
1.200000000000000000e+01
1.200000000000000000e+01
1.200000000000000000e+01
1.200000000000000000e+01
1.200000000000000000e+01
1.200000000000000000e+01
1.200000000000000000e+01
1.200000000000000000e+01
1.200000000000000000e+01
1.200000000000000000e+01
1.200000000000000000e+01
1.200000000000000000e+01
1.200000000000000000e+01
1.200000000000000000e+01
1.200000000000000000e+01
1.200000000000000000e+01
1.200000000000000000e+01
1.200000000000000000e+01
1.200000000000000000e+01
1.200000000000000000e+01
1.200000000000000000e+01
1.200000000000000000e+01
1.200000000000000000e+01
1.200000000000000000e+01
1.200000000000000000e+01
1.200000000000000000e+01
1.200000000000000000e+01
1.200000000000000000e+01
1.200000000000000000e+01
1.200000000000000000e+01
1.200000000000000000e+01
1.200000000000000000e+01
1.200000000000000000e+01
1.200000000000000000e+01
1.200000000000000000e+01
1.200000000000000000e+01
1.200000000000000000e+01
1.200000000000000000e+01
1.200000000000000000e+01
1.200000000000000000e+01
1.200000000000000000e+01
1.200000000000000000e+01
1.200000000000000000e+01
1.200000000000000000e+01
1.200000000000000000e+01
1.200000000000000000e+01
1.200000000000000000e+01
1.200000000000000000e+01
1.200000000000000000e+01
1.200000000000000000e+01
1.200000000000000000e+01
1.200000000000000000e+01
1.200000000000000000e+01
1.200000000000000000e+01
1.200000000000000000e+01
1.200000000000000000e+01
1.200000000000000000e+01
1.200000000000000000e+01
1.200000000000000000e+01
1.200000000000000000e+01
1.200000000000000000e+01
1.200000000000000000e+01
1.200000000000000000e+01
1.200000000000000000e+01
1.200000000000000000e+01
1.200000000000000000e+01
1.200000000000000000e+01
1.200000000000000000e+01
1.200000000000000000e+01
1.200000000000000000e+01
1.200000000000000000e+01
1.200000000000000000e+01
1.200000000000000000e+01
1.200000000000000000e+01
1.200000000000000000e+01
1.200000000000000000e+01
1.200000000000000000e+01
1.200000000000000000e+01
1.200000000000000000e+01
1.200000000000000000e+01
1.200000000000000000e+01
1.200000000000000000e+01
1.200000000000000000e+01
1.200000000000000000e+01
1.200000000000000000e+01
1.200000000000000000e+01
1.200000000000000000e+01
1.200000000000000000e+01
1.200000000000000000e+01
1.200000000000000000e+01
1.200000000000000000e+01
1.200000000000000000e+01
1.200000000000000000e+01
1.200000000000000000e+01
1.200000000000000000e+01
1.200000000000000000e+01
1.200000000000000000e+01
1.200000000000000000e+01
1.200000000000000000e+01
1.200000000000000000e+01
1.200000000000000000e+01
1.200000000000000000e+01
1.600000000000000000e+01
1.600000000000000000e+01
1.600000000000000000e+01
1.600000000000000000e+01
1.600000000000000000e+01
1.600000000000000000e+01
1.600000000000000000e+01
1.600000000000000000e+01
1.600000000000000000e+01
1.600000000000000000e+01
1.600000000000000000e+01
1.600000000000000000e+01
1.600000000000000000e+01
1.600000000000000000e+01
1.600000000000000000e+01
1.600000000000000000e+01
1.600000000000000000e+01
1.600000000000000000e+01
1.600000000000000000e+01
1.600000000000000000e+01
1.800000000000000000e+01
1.800000000000000000e+01
1.800000000000000000e+01
1.800000000000000000e+01
1.800000000000000000e+01
1.800000000000000000e+01
1.800000000000000000e+01
1.800000000000000000e+01
1.800000000000000000e+01
1.800000000000000000e+01
1.800000000000000000e+01
1.800000000000000000e+01
1.800000000000000000e+01
1.800000000000000000e+01
1.800000000000000000e+01
1.800000000000000000e+01
1.800000000000000000e+01
1.800000000000000000e+01
1.800000000000000000e+01
2.200000000000000000e+01
2.200000000000000000e+01
2.300000000000000000e+01
2.300000000000000000e+01
2.400000000000000000e+01
2.400000000000000000e+01
2.400000000000000000e+01
2.400000000000000000e+01
2.400000000000000000e+01
2.400000000000000000e+01
2.400000000000000000e+01
2.400000000000000000e+01
2.400000000000000000e+01
2.400000000000000000e+01
2.400000000000000000e+01
2.400000000000000000e+01
2.400000000000000000e+01
2.500000000000000000e+01
2.500000000000000000e+01
2.600000000000000000e+01
2.600000000000000000e+01
2.600000000000000000e+01
2.800000000000000000e+01
2.800000000000000000e+01
2.800000000000000000e+01
2.900000000000000000e+01
3.000000000000000000e+01
3.000000000000000000e+01
3.000000000000000000e+01
3.000000000000000000e+01
3.200000000000000000e+01
3.300000000000000000e+01
3.300000000000000000e+01
3.400000000000000000e+01
3.400000000000000000e+01
3.500000000000000000e+01
3.600000000000000000e+01
3.600000000000000000e+01
3.600000000000000000e+01
3.700000000000000000e+01
3.800000000000000000e+01
3.800000000000000000e+01
4.200000000000000000e+01
4.200000000000000000e+01
4.200000000000000000e+01
4.400000000000000000e+01
4.400000000000000000e+01
4.500000000000000000e+01
4.800000000000000000e+01
4.800000000000000000e+01
4.900000000000000000e+01
5.100000000000000000e+01
5.300000000000000000e+01
5.500000000000000000e+01
5.700000000000000000e+01
5.800000000000000000e+01
5.900000000000000000e+01
5.900000000000000000e+01
6.200000000000000000e+01
6.300000000000000000e+01
6.400000000000000000e+01
6.800000000000000000e+01
6.800000000000000000e+01
6.900000000000000000e+01
7.000000000000000000e+01
7.900000000000000000e+01
8.100000000000000000e+01
8.500000000000000000e+01
8.500000000000000000e+01
9.000000000000000000e+01
9.800000000000000000e+01
1.050000000000000000e+02
1.260000000000000000e+02
1.340000000000000000e+02
1.430000000000000000e+02
1.760000000000000000e+02
1.800000000000000000e+02
1.890000000000000000e+02
2.280000000000000000e+02
2.370000000000000000e+02
2.620000000000000000e+02
2.910000000000000000e+02
2.920000000000000000e+02
3.140000000000000000e+02
3.260000000000000000e+02
3.500000000000000000e+02
4.030000000000000000e+02
5.950000000000000000e+02
