1.200000000000000000e+01
1.200000000000000000e+01
1.200000000000000000e+01
1.200000000000000000e+01
1.200000000000000000e+01
1.200000000000000000e+01
1.200000000000000000e+01
1.200000000000000000e+01
1.200000000000000000e+01
1.200000000000000000e+01
1.200000000000000000e+01
1.200000000000000000e+01
1.200000000000000000e+01
1.200000000000000000e+01
1.200000000000000000e+01
1.200000000000000000e+01
1.200000000000000000e+01
1.200000000000000000e+01
1.200000000000000000e+01
1.200000000000000000e+01
1.200000000000000000e+01
1.200000000000000000e+01
1.200000000000000000e+01
1.200000000000000000e+01
1.200000000000000000e+01
1.200000000000000000e+01
1.200000000000000000e+01
1.200000000000000000e+01
1.200000000000000000e+01
1.200000000000000000e+01
1.200000000000000000e+01
1.200000000000000000e+01
1.200000000000000000e+01
1.200000000000000000e+01
1.200000000000000000e+01
1.200000000000000000e+01
1.200000000000000000e+01
1.200000000000000000e+01
1.200000000000000000e+01
1.200000000000000000e+01
1.200000000000000000e+01
1.200000000000000000e+01
1.200000000000000000e+01
1.200000000000000000e+01
1.200000000000000000e+01
1.200000000000000000e+01
1.200000000000000000e+01
1.200000000000000000e+01
1.200000000000000000e+01
1.200000000000000000e+01
1.200000000000000000e+01
1.200000000000000000e+01
1.200000000000000000e+01
1.200000000000000000e+01
1.200000000000000000e+01
1.200000000000000000e+01
1.200000000000000000e+01
1.200000000000000000e+01
1.200000000000000000e+01
1.200000000000000000e+01
1.200000000000000000e+01
1.200000000000000000e+01
1.200000000000000000e+01
1.200000000000000000e+01
1.200000000000000000e+01
1.200000000000000000e+01
1.200000000000000000e+01
1.200000000000000000e+01
1.200000000000000000e+01
1.200000000000000000e+01
1.200000000000000000e+01
1.200000000000000000e+01
1.200000000000000000e+01
1.200000000000000000e+01
1.200000000000000000e+01
1.200000000000000000e+01
1.200000000000000000e+01
1.200000000000000000e+01
1.200000000000000000e+01
1.200000000000000000e+01
1.200000000000000000e+01
1.200000000000000000e+01
1.200000000000000000e+01
1.200000000000000000e+01
1.200000000000000000e+01
1.200000000000000000e+01
1.200000000000000000e+01
1.200000000000000000e+01
1.200000000000000000e+01
1.200000000000000000e+01
1.200000000000000000e+01
1.200000000000000000e+01
1.200000000000000000e+01
1.200000000000000000e+01
1.200000000000000000e+01
1.200000000000000000e+01
1.200000000000000000e+01
1.200000000000000000e+01
1.200000000000000000e+01
1.200000000000000000e+01
1.200000000000000000e+01
1.200000000000000000e+01
1.200000000000000000e+01
1.200000000000000000e+01
1.200000000000000000e+01
1.200000000000000000e+01
1.200000000000000000e+01
1.200000000000000000e+01
1.200000000000000000e+01
1.200000000000000000e+01
1.200000000000000000e+01
1.200000000000000000e+01
1.200000000000000000e+01
1.200000000000000000e+01
1.200000000000000000e+01
1.200000000000000000e+01
1.200000000000000000e+01
1.200000000000000000e+01
1.200000000000000000e+01
1.200000000000000000e+01
1.200000000000000000e+01
1.200000000000000000e+01
1.200000000000000000e+01
1.200000000000000000e+01
1.200000000000000000e+01
1.200000000000000000e+01
1.200000000000000000e+01
1.200000000000000000e+01
1.200000000000000000e+01
1.200000000000000000e+01
1.200000000000000000e+01
1.200000000000000000e+01
1.200000000000000000e+01
1.200000000000000000e+01
1.200000000000000000e+01
1.200000000000000000e+01
1.200000000000000000e+01
1.200000000000000000e+01
1.200000000000000000e+01
1.200000000000000000e+01
1.200000000000000000e+01
1.200000000000000000e+01
1.200000000000000000e+01
1.200000000000000000e+01
1.200000000000000000e+01
1.200000000000000000e+01
1.200000000000000000e+01
1.200000000000000000e+01
1.200000000000000000e+01
1.200000000000000000e+01
1.200000000000000000e+01
1.200000000000000000e+01
1.200000000000000000e+01
1.200000000000000000e+01
1.200000000000000000e+01
1.200000000000000000e+01
1.200000000000000000e+01
1.200000000000000000e+01
1.200000000000000000e+01
1.200000000000000000e+01
1.200000000000000000e+01
1.200000000000000000e+01
1.200000000000000000e+01
1.200000000000000000e+01
1.200000000000000000e+01
1.200000000000000000e+01
1.200000000000000000e+01
1.200000000000000000e+01
1.200000000000000000e+01
1.200000000000000000e+01
1.200000000000000000e+01
1.200000000000000000e+01
1.200000000000000000e+01
1.200000000000000000e+01
1.200000000000000000e+01
1.600000000000000000e+01
1.600000000000000000e+01
1.600000000000000000e+01
1.600000000000000000e+01
1.600000000000000000e+01
1.600000000000000000e+01
1.600000000000000000e+01
1.600000000000000000e+01
1.800000000000000000e+01
1.800000000000000000e+01
1.800000000000000000e+01
1.800000000000000000e+01
1.800000000000000000e+01
1.800000000000000000e+01
1.800000000000000000e+01
1.800000000000000000e+01
1.800000000000000000e+01
1.800000000000000000e+01
2.200000000000000000e+01
2.200000000000000000e+01
2.200000000000000000e+01
2.200000000000000000e+01
2.200000000000000000e+01
2.200000000000000000e+01
2.200000000000000000e+01
2.200000000000000000e+01
2.200000000000000000e+01
2.200000000000000000e+01
2.300000000000000000e+01
2.300000000000000000e+01
2.300000000000000000e+01
2.300000000000000000e+01
2.300000000000000000e+01
2.300000000000000000e+01
2.400000000000000000e+01
2.400000000000000000e+01
2.400000000000000000e+01
2.400000000000000000e+01
2.400000000000000000e+01
2.400000000000000000e+01
2.400000000000000000e+01
2.400000000000000000e+01
2.400000000000000000e+01
2.400000000000000000e+01
2.400000000000000000e+01
2.400000000000000000e+01
2.400000000000000000e+01
2.400000000000000000e+01
2.400000000000000000e+01
2.400000000000000000e+01
2.400000000000000000e+01
2.400000000000000000e+01
2.400000000000000000e+01
2.400000000000000000e+01
2.400000000000000000e+01
2.400000000000000000e+01
2.400000000000000000e+01
2.400000000000000000e+01
2.400000000000000000e+01
2.400000000000000000e+01
2.500000000000000000e+01
2.600000000000000000e+01
3.000000000000000000e+01
3.000000000000000000e+01
3.200000000000000000e+01
3.200000000000000000e+01
3.200000000000000000e+01
3.300000000000000000e+01
3.300000000000000000e+01
3.400000000000000000e+01
3.500000000000000000e+01
3.500000000000000000e+01
3.600000000000000000e+01
3.600000000000000000e+01
3.600000000000000000e+01
3.600000000000000000e+01
3.600000000000000000e+01
3.800000000000000000e+01
4.100000000000000000e+01
4.300000000000000000e+01
5.100000000000000000e+01
5.200000000000000000e+01
5.400000000000000000e+01
5.400000000000000000e+01
5.800000000000000000e+01
5.900000000000000000e+01
5.900000000000000000e+01
5.900000000000000000e+01
6.000000000000000000e+01
6.200000000000000000e+01
6.300000000000000000e+01
6.400000000000000000e+01
6.400000000000000000e+01
6.600000000000000000e+01
7.100000000000000000e+01
7.700000000000000000e+01
7.800000000000000000e+01
7.900000000000000000e+01
8.900000000000000000e+01
9.200000000000000000e+01
1.000000000000000000e+02
1.150000000000000000e+02
1.170000000000000000e+02
1.340000000000000000e+02
1.520000000000000000e+02
1.560000000000000000e+02
1.760000000000000000e+02
1.900000000000000000e+02
1.920000000000000000e+02
1.980000000000000000e+02
2.090000000000000000e+02
2.320000000000000000e+02
2.350000000000000000e+02
2.430000000000000000e+02
2.490000000000000000e+02
2.510000000000000000e+02
2.760000000000000000e+02
3.470000000000000000e+02
3.490000000000000000e+02
3.500000000000000000e+02
3.980000000000000000e+02
3.990000000000000000e+02
4.750000000000000000e+02
5.630000000000000000e+02
7.900000000000000000e+02
