1.200000000000000000e+01
1.200000000000000000e+01
1.200000000000000000e+01
1.200000000000000000e+01
1.200000000000000000e+01
1.200000000000000000e+01
1.200000000000000000e+01
1.200000000000000000e+01
1.200000000000000000e+01
1.200000000000000000e+01
1.200000000000000000e+01
1.200000000000000000e+01
1.200000000000000000e+01
1.200000000000000000e+01
1.200000000000000000e+01
1.200000000000000000e+01
1.200000000000000000e+01
1.200000000000000000e+01
1.200000000000000000e+01
1.200000000000000000e+01
1.200000000000000000e+01
1.200000000000000000e+01
1.200000000000000000e+01
1.200000000000000000e+01
1.200000000000000000e+01
1.200000000000000000e+01
1.200000000000000000e+01
1.200000000000000000e+01
1.200000000000000000e+01
1.200000000000000000e+01
1.200000000000000000e+01
1.200000000000000000e+01
1.200000000000000000e+01
1.200000000000000000e+01
1.200000000000000000e+01
1.200000000000000000e+01
1.200000000000000000e+01
1.200000000000000000e+01
1.200000000000000000e+01
1.200000000000000000e+01
1.200000000000000000e+01
1.200000000000000000e+01
1.200000000000000000e+01
1.200000000000000000e+01
1.200000000000000000e+01
1.200000000000000000e+01
1.200000000000000000e+01
1.200000000000000000e+01
1.200000000000000000e+01
1.200000000000000000e+01
1.200000000000000000e+01
1.200000000000000000e+01
1.200000000000000000e+01
1.200000000000000000e+01
1.200000000000000000e+01
1.200000000000000000e+01
1.200000000000000000e+01
1.200000000000000000e+01
1.200000000000000000e+01
1.200000000000000000e+01
1.200000000000000000e+01
1.200000000000000000e+01
1.200000000000000000e+01
1.200000000000000000e+01
1.200000000000000000e+01
1.200000000000000000e+01
1.200000000000000000e+01
1.200000000000000000e+01
1.200000000000000000e+01
1.200000000000000000e+01
1.200000000000000000e+01
1.200000000000000000e+01
1.200000000000000000e+01
1.200000000000000000e+01
1.200000000000000000e+01
1.200000000000000000e+01
1.200000000000000000e+01
1.200000000000000000e+01
1.600000000000000000e+01
1.600000000000000000e+01
1.600000000000000000e+01
1.600000000000000000e+01
1.600000000000000000e+01
1.600000000000000000e+01
1.600000000000000000e+01
1.600000000000000000e+01
1.600000000000000000e+01
1.600000000000000000e+01
1.600000000000000000e+01
1.800000000000000000e+01
1.800000000000000000e+01
1.800000000000000000e+01
2.000000000000000000e+01
2.200000000000000000e+01
2.200000000000000000e+01
2.300000000000000000e+01
2.400000000000000000e+01
2.400000000000000000e+01
2.400000000000000000e+01
2.400000000000000000e+01
2.400000000000000000e+01
2.400000000000000000e+01
2.400000000000000000e+01
2.400000000000000000e+01
2.400000000000000000e+01
2.600000000000000000e+01
2.800000000000000000e+01
2.800000000000000000e+01
2.800000000000000000e+01
3.200000000000000000e+01
3.600000000000000000e+01
3.800000000000000000e+01
3.900000000000000000e+01
4.000000000000000000e+01
4.200000000000000000e+01
4.400000000000000000e+01
4.500000000000000000e+01
4.600000000000000000e+01
4.700000000000000000e+01
5.200000000000000000e+01
6.000000000000000000e+01
6.900000000000000000e+01
8.800000000000000000e+01
8.800000000000000000e+01
9.200000000000000000e+01
1.250000000000000000e+02
1.330000000000000000e+02
2.270000000000000000e+02
2.880000000000000000e+02
3.130000000000000000e+02
4.600000000000000000e+02
